tensorflow api docmentation : https://www.tensorflow.org/api_docs/python/tf/all_symbols


17_FreeFuzz：https://github.com/ise-uiuc/FreeFuzz

——————————————————————————————————————————————————————————————————————————————————————————————————————————————————————————————————————————————————————————————————————
[7, 11, 22, 32, 41, 42, 51, 57, 59, 61, 75, 78, 91, 108, 116, 124, 132, 175, 178, 180, 191, 199, 211, 235, 236, 244, 258, 264, 270, 272, 276, 280, 288, 294, 299, 300, 301, 306, 
307, 316, 330, 335, 340, 352, 359, 360, 390, 403, 424, 425, 426, 436, 439, 440, 447, 449, 458, 463, 491, 499, 503, 506, 512, 513, 514, 525, 542, 545, 549, 555, 558, 567, 
568, 575, 594, 597, 602, 610, 619, 621, 623, 638, 643, 653, 673, 679, 680, 691, 694, 695, 702, 704, 712, 718, 722, 731, 734, 736, 751, 764, 767, 770, 781, 787, 797,
 808, 818, 822, 827, 829, 835, 843, 850, 851, 869, 881, 890, 891, 901, 904, 920, 931, 935, 944, 946, 951, 954, 960, 983, 990, 996, 997, 1007, 1018, 1030, 1032, 1033, 
 1038, 1050, 1059, 1063, 1064, 1069, 1084, 1095, 1123, 1127, 1149, 1153, 1157, 1162, 1209, 1216, 1223, 1225, 1252, 1261, 1269, 1270, 1271, 1276, 1285, 1290, 1296, 1303, 
 1305, 1311, 1315, 1318, 1319, 1329, 1343, 1360, 1368, 1377, 1383, 1390, 1392, 1399, 1404, 1415, 1431]